KMCluster,HCluster
4,3
2,2
4,3
2,2
4,3
2,2
4,3
2,2
4,3
2,2
4,3
2,2
4,3
2,2
4,3
2,2
4,3
2,2
4,3
2,2
4,3
2,2
4,3
2,2
4,3
2,2
4,3
2,2
4,3
2,2
4,3
2,2
4,3
2,2
4,3
2,2
4,3
2,2
4,3
2,2
4,3
2,2
4,3
0,4
4,3
2,4
0,4
0,4
0,4
0,4
0,4
0,4
0,4
0,4
0,4
0,4
0,4
0,4
0,4
0,4
0,4
0,4
0,4
0,4
0,4
0,4
0,4
0,4
0,4
0,4
0,4
0,4
0,4
0,4
0,4
0,4
0,4
0,4
0,4
0,4
0,4
0,4
0,4
0,4
0,4
0,4
0,4
0,4
0,4
0,4
0,4
0,4
0,4
0,4
0,4
0,4
0,4
0,4
0,4
0,4
0,4
0,4
0,4
0,4
0,4
0,4
0,4
0,4
0,4
0,4
0,4
0,4
0,4
0,4
0,4
0,4
0,4
0,4
0,4
0,4
0,4
0,4
0,4
1,0
3,4
1,0
0,4
1,0
3,1
1,0
3,1
1,0
0,4
1,0
3,1
1,0
3,1
1,0
3,1
1,0
3,1
1,0
0,4
1,0
3,1
1,0
3,4
1,0
3,1
1,0
3,1
1,0
3,1
1,0
3,1
1,0
3,1
1,0
3,1
1,0
3,4
1,0
3,1
1,0
3,1
1,0
3,1
1,0
3,1
1,0
3,1
1,0
3,1
1,0
3,1
1,0
3,1
1,0
3,1
1,0
3,1
1,0
3,1
1,0
3,1
1,0
3,1
1,0
3,1
1,0
3,1
1,0
3,1
1,0
3,1
1,0
3,1
1,0
3,1
1,0
